$ANSIBLE_VAULT;1.1;AES256
62646333613363663536633561373364343634613734376533343566346165643563346130653632
3165346433623361306131616432313266343434653933620a323961306435393039653538386632
31303763363934346430656438336363346265343234623537643837323363306165363361316536
3233373833363833370a663661633963383535303738363362366131663336396166373035323835
34363732313532356439623966656262636138646437666534613564373231326438353534636162
37663235356631303465333834336261333334623532303137333862653930613633393862373837
32306336333636633064313630663237363634626465643262663165366466343438366163623032
62326335663034353062666432646639343264663462373331323133303138353162356562623833
34393038626234663233636633633464383231663162663332663566623137346462633136626561
32643733366632623361343064333765363032666431303539323234383966386233326439303862
62376261343666393263366436343865316633303635366661376130613436656334643862366663
37616364376361323666333963623063633264306366653534663165653737653337626139363835
63323831383065383637353939326437353337333761653334313432396337663734376335363134
66366131616363363735353338303334353732303439346565653765336562636635613631616337
62353066316336336362643365316265643965373936333965393637326336373635393031336266
61393663396435353736366430633037393663363435663039616332626435326265316336643230
39353731303131303433316232653661666665333930613334643832343762326331653337373436
61663731613735396437363762656166336464333561303833303266346566666665353432636463
31373962376261323366343164313131323232383736313335616232353464636536303837313237
62633037326363323763643530643237663336386362393263393233633365373431303533653362
63303232613833356665343730363665653633303238636339363535636335363061383362343738
66613831616466316539386336396433343665313363363931626131383966633564383137383037
34323133313838616236366631656636623234353665386261616466326466626436393034373033
66313964363366633264643733393137643435336435626435396430633439303463626162353365
3761
